1594960
1602444
1581128
1598608
1601402
1582532
1561838
1591009
1602957
1571242
1605774
1595880
1595677
1602633
1600032
1600826
1604655
1531211
1601432
1599314
1606687
1609670
1604393
1593500
1599778
1605670
1607612
1607222
1603878
1606667
1603889
1567073
1608628
1603497
1575775
1606395
1606693
1607964
1606439
1605905
1600963
1595266
1599721
1603793
1599053
1598595
1605635
1606285
1605650
1602663
1598494
1610233
1610364
1584739
1604506
1597302
1610704
1607701
1610570
1601504
1609886
1608780
1617332
1618496
1614844
1608203
1617367
1619462
1603718
1612984
1611907
1618746
1620517
1620564
1611391
1618748
1602692
1619190
1615522
1616182
1620274
1621531
1615986
1616007
1615561
1616023
1619908
1615984
1619448
1621249
1620950
1620512
1621274
1040272
1604237
1618482
1619310
1620081
1572429
1618317
1617554
1619467
1576304
1613166
1615574
1610938
1618069
1621452
1622107
1619846
1624867
1624614
1624072
1620885
1624297
1623921
1625446
1623208
1626201
1626084
1605214
1605211
1624199
1627472
1626337
1625973
1626363
1626097
1620771
1627282
1623336
1622831
1627928
1616186
1263085
1625970
1627486
1624700
1624721
1624756
1624442
1620374
1629065
1625920
1628185
1630510
1616016
1628896
1630487
1628870
1628182
1626074
1626427
1627358
1625990
1632914
1632858
1632400
1634164
1622652
1619491
1627031
1625167
1623268
1620881
1630441
1632588
1634651
1634817
1634029
1635073
1622758
1632646
1632209
1632759
1635587
1633811
1635597
1635436
1635601
1628087
1627444
1630599
1630840
1635833
1635501
1637359
1637575
1634852
1638136
1637872
1629804
1633211
1632051
1635704
1637570
1638940
1630284
1630690
1630615
1630634
1639949
1628808
1639771
1636399
1640357
1622124
1641564
1640761
1639306
1641759
1637791
1642544
1642596
1641917
1640760
1633137
1641236
1638621
1639613
1639198
1641157
1643671
1641891
1641637
1643652
1642997
1644201
1644196
1642659
1644278
1631135
1645488
1643073
1645035
1631799
1645591
1644132
1645947
1646001
1646860
1645861
1647799
1643216
1647851
1631668
1649310
1648839
1644527
1649250
1648470
1649772
1650991
1651850
1648620
1650159
1650399
1650407
1649557
1650329
1650408
1625314
1652398
1652965
1648514
1650331
1648713
1645772
1646288
1653070
1642243
1654138
1654684
1655606
1654298
1655214
1653446
1654641
1656541
1643454
1655215
1656405
1654291
1656959
1656578
1655815
1655886
1656456
1655758
1655834
1655887
1658579
1655877
1659241
1656262
1658944
1659726
1654325
1655744
1653618
1648379
1644923
1433062
1648204
1657870
1656873
1657104
1660522
1657929
1652917
1660602
1660611
1636195
1630859
1660357
1655516
1660688
1658715
1660281
1651972
1661173
1652373
1654056
1658338
1661089
1662045
1662417
1656894
1659045
1641125
1644258
1660124
1660525
1662968
1662303
1661671
1660758
1662499
1662247
1647418
1660710
1664350
1651867
1664010
1661815
1664785
1664931
1655992
1664751
1665181
1663230
1664266
1664678
1665213
1666578
1666628
1666341
1667192
1666921
1667301
1667175
1667249
1662779
1668615
1668632
1666534
1667257
1667592
1651641
1668493
1662559
1669157
1669590
1661904
1690973
1675680
1688829
1684671
1684922
1684264
1677311
1684185
1686561
1690978
1689239
1678310
1638287
1674129
1687354
1693833
1689135
1692481
1684724
1690790
1687395
1685313
1686975
1692241
1690585
1693215
1689759
1691060
1693158
1671435
1694845
1684197
1678412
1671469
1693945
1693812
1693617
1693729
1686473
1691905
1687313
1687324
1693876
1687623
1694433
1694014
1693412
1695156
1689232
1691659
1691322
1694151
1693342
1695107
1695434
1696294
1696245
1695842
1686915
1695144
1695357
1696902
1696931
1695117
1696492
1657272
1694233
1697413
1696924
1697462
1697666
1695049
1695186
1697898
1698000
1696984
1695924
1698293
1698102
1698423
1698825
1698873
1699147
1695806
1699471
1699522
1699718
1699726
1698963
1693803
1700384
1700332
1700454
1700643
1698376
1690425
1700757
